idx;Time;Pitch;Note;Octave
3;512;65;F;4
5;1024;69;A;4
7;1536;65;F;4
9;2048;72;C;5
11;2560;65;F;4
13;3072;77;F;5
15;3584;76;E;5
16;3584;53;F;3
18;3840;74;D;5
20;4096;72;C;5
22;4096;57;A;3
24;4352;74;D;5
26;4608;72;C;5
28;4608;53;F;3
30;4864;70;A#;4
32;5120;69;A;4
34;5120;60;C;4
36;5376;70;A#;4
38;5632;69;A;4
40;5632;53;F;3
42;5888;67;G;4
45;6144;65;F;4
46;6144;65;F;4
48;6656;69;A;4
50;6656;64;E;4
52;6912;62;D;4
54;7168;72;C;5
56;7168;60;C;4
58;7424;62;D;4
60;7680;69;A;4
62;7680;60;C;4
64;7936;58;A#;3
66;8192;77;F;5
68;8192;57;A;3
70;8448;58;A#;3
72;8704;72;C;5
74;8704;57;A;3
76;8960;55;G;3
79;9216;81;A;5
80;9216;53;F;3
82;9472;84;C;6
84;9728;82;A#;5
86;9728;57;A;3
88;9984;84;C;6
90;10240;81;A;5
92;10240;60;C;4
94;10496;84;C;6
96;10752;82;A#;5
98;10752;57;A;3
100;11008;84;C;6
102;11264;81;A;5
104;11264;65;F;4
106;11520;84;C;6
108;11776;82;A#;5
110;11776;60;C;4
112;12032;84;C;6
115;12288;77;F;5
116;12288;69;A;4
118;12544;81;A;5
120;12544;72;C;5
122;12800;79;G;5
124;12800;70;A#;4
126;13056;81;A;5
128;13056;72;C;5
130;13312;77;F;5
132;13312;69;A;4
134;13568;81;A;5
136;13568;72;C;5
138;13824;79;G;5
140;13824;70;A#;4
142;14080;81;A;5
144;14080;72;C;5
146;14336;77;F;5
148;14336;69;A;4
150;14592;81;A;5
152;14592;72;C;5
154;14848;79;G;5
156;14848;70;A#;4
158;15104;81;A;5
160;15104;72;C;5
163;15360;74;D;5
164;15360;65;F;4
166;15616;77;F;5
168;15616;69;A;4
170;15872;76;E;5
172;15872;67;G;4
174;16128;77;F;5
176;16128;69;A;4
178;16384;74;D;5
180;16384;65;F;4
182;16640;77;F;5
184;16640;69;A;4
186;16896;76;E;5
188;16896;67;G;4
190;17152;77;F;5
192;17152;69;A;4
194;17408;74;D;5
196;17408;65;F;4
198;17664;77;F;5
200;17664;69;A;4
202;17920;76;E;5
204;17920;67;G;4
206;18176;77;F;5
208;18176;69;A;4
211;18432;71;B;4
212;18432;62;D;4
214;18688;65;F;4
216;18944;67;G;4
218;18944;64;E;4
220;19200;65;F;4
222;19456;74;D;5
224;19456;62;D;4
226;19712;65;F;4
228;19968;71;B;4
230;19968;64;E;4
232;20224;65;F;4
234;20480;77;F;5
236;20480;62;D;4
238;20736;65;F;4
240;20992;74;D;5
242;20992;64;E;4
244;21248;65;F;4
247;21504;79;G;5
248;21504;59;B;3
250;21760;81;A;5
252;22016;79;G;5
254;22016;55;G;3
256;22272;77;F;5
258;22528;76;E;5
260;22528;60;C;4
262;22784;77;F;5
264;23040;76;E;5
266;23040;55;G;3
268;23296;74;D;5
270;23552;72;C;5
272;23552;64;E;4
274;23808;74;D;5
276;24064;72;C;5
278;24064;60;C;4
280;24320;70;A#;4
283;24576;69;A;4
284;24576;65;F;4
286;24832;67;G;4
288;25088;74;D;5
290;25088;65;F;4
292;25344;72;C;5
294;25344;64;E;4
296;25600;71;B;4
298;25600;62;D;4
300;25856;72;C;5
302;25856;64;E;4
304;26112;71;B;4
306;26112;62;D;4
308;26368;69;A;4
310;26368;60;C;4
312;26624;67;G;4
314;26624;59;B;3
316;26880;69;A;4
318;26880;60;C;4
320;27136;67;G;4
322;27136;59;B;3
324;27392;65;F;4
326;27392;57;A;3
329;27648;64;E;4
330;27648;55;G;3
332;27904;65;F;4
334;28160;64;E;4
336;28160;60;C;4
338;28416;62;D;4
340;28416;59;B;3
342;28672;60;C;4
344;28672;57;A;3
346;28928;59;B;3
348;29184;72;C;5
350;29184;57;A;3
352;29440;71;B;4
354;29440;55;G;3
356;29696;72;C;5
358;29696;53;F;3
360;29952;55;G;3
362;30208;64;E;4
364;30208;53;F;3
366;30464;52;E;3
369;30720;65;F;4
370;30720;50;D;3
372;30976;52;E;3
374;31232;72;C;5
376;31232;50;D;3
378;31488;48;C;3
380;31744;64;E;4
382;31744;55;G;3
384;32000;53;F;3
386;32256;72;C;5
388;32256;52;E;3
390;32512;53;F;3
392;32768;62;D;4
394;32768;55;G;3
396;33280;71;B;4
398;33280;43;G;2
401;33792;72;C;5
402;34304;48;C;3
405;34816;52;E;3
407;35328;48;C;3
409;35840;55;G;3
411;36352;48;C;3
413;36864;60;C;4
414;37376;72;C;5
416;37376;59;B;3
418;37632;57;A;3
420;37888;76;E;5
422;37888;55;G;3
424;38144;57;A;3
426;38400;72;C;5
428;38400;55;G;3
430;38656;53;F;3
432;38912;79;G;5
434;38912;52;E;3
436;39168;53;F;3
438;39424;72;C;5
440;39424;52;E;3
442;39680;50;D;3
445;39936;84;C;6
446;39936;48;C;3
448;40448;83;B;5
450;40448;52;E;3
452;40704;81;A;5
454;40960;79;G;5
456;40960;55;G;3
458;41216;81;A;5
460;41472;79;G;5
462;41472;52;E;3
464;41728;77;F;5
466;41984;76;E;5
468;41984;60;C;4
470;42240;77;F;5
472;42496;76;E;5
474;42496;55;G;3
476;42752;74;D;5
479;43008;72;C;5
480;43008;63;D#;4
482;43264;70;A#;4
484;43520;72;C;5
486;43520;54;F#;3
488;43776;81;A;5
490;44032;72;C;5
492;44032;63;D#;4
494;44288;81;A;5
496;44544;70;A#;4
498;44544;54;F#;3
500;44800;81;A;5
502;45056;72;C;5
504;45056;63;D#;4
506;45312;81;A;5
508;45568;69;A;4
510;45568;54;F#;3
512;45824;81;A;5
515;46080;70;A#;4
516;46080;55;G;3
518;46592;67;G;4
520;46592;53;F;3
522;46848;51;D#;3
524;47104;70;A#;4
526;47104;50;D;3
528;47360;51;D#;3
530;47616;67;G;4
532;47616;50;D;3
534;47872;48;C;3
536;48128;74;D;5
538;48128;46;A#;2
540;48384;48;C;3
542;48640;67;G;4
544;48640;46;A#;2
546;48896;45;A;2
549;49152;79;G;5
550;49152;43;G;2
552;49664;77;F;5
554;49664;55;G;3
556;49920;75;D#;5
558;50176;74;D;5
560;50176;58;A#;3
562;50432;75;D#;5
564;50688;74;D;5
566;50688;55;G;3
568;50944;72;C;5
570;51200;70;A#;4
572;51200;62;D;4
574;51456;72;C;5
576;51712;70;A#;4
578;51712;55;G;3
580;51968;69;A;4
583;52224;67;G;4
584;52224;67;G;4
586;52736;70;A#;4
588;52736;65;F;4
590;52992;63;D#;4
592;53248;74;D;5
594;53248;62;D;4
596;53504;63;D#;4
598;53760;70;A#;4
600;53760;62;D;4
602;54016;60;C;4
604;54272;79;G;5
606;54272;58;A#;3
608;54528;60;C;4
610;54784;74;D;5
612;54784;58;A#;3
614;55040;57;A;3
617;55296;82;A#;5
618;55296;55;G;3
620;55552;53;F;3
622;55808;73;C#;5
624;55808;55;G;3
626;56064;64;E;4
628;56320;82;A#;5
630;56320;55;G;3
632;56576;64;E;4
634;56832;73;C#;5
636;56832;53;F;3
638;57088;64;E;4
640;57344;82;A#;5
642;57344;55;G;3
644;57600;64;E;4
646;57856;73;C#;5
648;57856;52;E;3
650;58112;64;E;4
653;58368;74;D;5
654;58368;53;F;3
656;58624;52;E;3
658;58880;69;A;4
660;58880;53;F;3
662;59136;62;D;4
664;59392;77;F;5
666;59392;53;F;3
668;59648;62;D;4
670;59904;74;D;5
672;59904;52;E;3
674;60160;62;D;4
676;60416;81;A;5
678;60416;53;F;3
680;60672;62;D;4
682;60928;77;F;5
684;60928;50;D;3
686;61184;62;D;4
689;61440;79;G;5
690;61440;58;A#;3
692;61696;77;F;5
694;61952;79;G;5
696;61952;55;G;3
698;62208;82;A#;5
700;62464;72;C;5
702;62464;52;E;3
704;62720;82;A#;5
706;62976;74;D;5
708;62976;55;G;3
710;63232;82;A#;5
712;63488;76;E;5
714;63488;48;C;3
716;63744;82;A#;5
718;64000;72;C;5
720;64000;52;E;3
722;64256;82;A#;5
725;64512;77;F;5
726;64512;57;A;3
728;64768;76;E;5
730;65024;77;F;5
732;65024;53;F;3
734;65280;81;A;5
736;65536;71;B;4
738;65536;50;D;3
740;65792;81;A;5
742;66048;73;C#;5
744;66048;53;F;3
746;66304;81;A;5
748;66560;74;D;5
750;66560;47;B;2
752;66816;81;A;5
754;67072;71;B;4
756;67072;50;D;3
758;67328;81;A;5
761;67584;76;E;5
762;67584;55;G;3
764;67840;74;D;5
766;68096;76;E;5
768;68096;52;E;3
770;68352;79;G;5
772;68608;69;A;4
774;68608;49;C#;3
776;68864;79;G;5
778;69120;71;B;4
780;69120;52;E;3
782;69376;79;G;5
784;69632;73;C#;5
786;69632;45;A;2
788;69888;79;G;5
790;70144;69;A;4
792;70144;49;C#;3
794;70400;79;G;5
797;70656;77;F;5
798;70656;38;D;2
800;70912;50;D;3
802;71168;74;D;5
804;71168;48;C;3
806;71424;50;D;3
808;71680;70;A#;4
810;71680;43;G;2
812;71936;50;D;3
814;72192;74;D;5
816;72192;45;A;2
818;72448;50;D;3
820;72704;67;G;4
822;72704;46;A#;2
824;72960;50;D;3
826;73216;77;F;5
828;73216;43;G;2
830;73472;50;D;3
833;73728;76;E;5
834;73728;36;C;2
836;73984;48;C;3
838;74240;72;C;5
840;74240;46;A#;2
842;74496;48;C;3
844;74752;69;A;4
846;74752;41;F;2
848;75008;48;C;3
850;75264;72;C;5
852;75264;43;G;2
854;75520;48;C;3
856;75776;65;F;4
858;75776;45;A;2
860;76032;48;C;3
862;76288;75;D#;5
864;76288;41;F;2
866;76544;48;C;3
869;76800;74;D;5
870;76800;46;A#;2
872;77056;77;F;5
874;77312;75;D#;5
876;77312;50;D;3
878;77568;77;F;5
880;77824;74;D;5
882;77824;53;F;3
884;78080;77;F;5
886;78336;75;D#;5
888;78336;50;D;3
890;78592;77;F;5
892;78848;74;D;5
894;78848;58;A#;3
896;79104;77;F;5
898;79360;75;D#;5
900;79360;53;F;3
902;79616;77;F;5
905;79872;70;A#;4
906;79872;62;D;4
908;80128;74;D;5
910;80128;65;F;4
912;80384;72;C;5
914;80384;63;D#;4
916;80640;74;D;5
918;80640;65;F;4
920;80896;70;A#;4
922;80896;62;D;4
924;81152;74;D;5
926;81152;65;F;4
928;81408;72;C;5
930;81408;63;D#;4
932;81664;74;D;5
934;81664;65;F;4
936;81920;70;A#;4
938;81920;62;D;4
940;82176;74;D;5
942;82176;65;F;4
944;82432;72;C;5
946;82432;63;D#;4
948;82688;74;D;5
950;82688;65;F;4
953;82944;67;G;4
954;82944;58;A#;3
956;83200;70;A#;4
958;83200;62;D;4
960;83456;69;A;4
962;83456;60;C;4
964;83712;70;A#;4
966;83712;62;D;4
968;83968;67;G;4
970;83968;58;A#;3
972;84224;70;A#;4
974;84224;62;D;4
976;84480;69;A;4
978;84480;60;C;4
980;84736;70;A#;4
982;84736;62;D;4
984;84992;67;G;4
986;84992;58;A#;3
988;85248;70;A#;4
990;85248;62;D;4
992;85504;69;A;4
994;85504;60;C;4
996;85760;70;A#;4
998;85760;62;D;4
1001;86016;64;E;4
1002;86016;55;G;3
1004;86272;58;A#;3
1006;86528;60;C;4
1008;86528;57;A;3
1010;86784;58;A#;3
1012;87040;67;G;4
1014;87040;55;G;3
1016;87296;58;A#;3
1018;87552;64;E;4
1020;87552;57;A;3
1022;87808;58;A#;3
1024;88064;70;A#;4
1026;88064;55;G;3
1028;88320;58;A#;3
1030;88576;67;G;4
1032;88576;57;A;3
1034;88832;58;A#;3
1037;89088;72;C;5
1038;89088;52;E;3
1040;89344;74;D;5
1042;89600;72;C;5
1044;89600;48;C;3
1046;89856;70;A#;4
1048;90112;69;A;4
1050;90112;53;F;3
1052;90368;70;A#;4
1054;90624;69;A;4
1056;90624;48;C;3
1058;90880;67;G;4
1060;91136;65;F;4
1062;91136;57;A;3
1064;91392;67;G;4
1066;91648;65;F;4
1068;91648;53;F;3
1070;91904;63;D#;4
1073;92160;62;D;4
1074;92160;58;A#;3
1076;92416;60;C;4
1078;92672;67;G;4
1080;92672;58;A#;3
1082;92928;65;F;4
1084;92928;57;A;3
1086;93184;64;E;4
1088;93184;55;G;3
1090;93440;65;F;4
1092;93440;57;A;3
1094;93696;64;E;4
1096;93696;55;G;3
1098;93952;62;D;4
1100;93952;53;F;3
1102;94208;60;C;4
1104;94208;52;E;3
1106;94464;62;D;4
1108;94464;53;F;3
1110;94720;60;C;4
1112;94720;52;E;3
1114;94976;58;A#;3
1116;94976;50;D;3
1119;95232;57;A;3
1120;95232;48;C;3
1122;95488;58;A#;3
1124;95744;57;A;3
1126;95744;53;F;3
1128;96000;55;G;3
1130;96000;52;E;3
1132;96256;53;F;3
1134;96256;50;D;3
1136;96512;52;E;3
1138;96768;65;F;4
1140;96768;50;D;3
1142;97024;64;E;4
1144;97024;48;C;3
1146;97280;65;F;4
1148;97280;46;A#;2
1150;97536;48;C;3
1152;97792;57;A;3
1154;97792;46;A#;2
1156;98048;45;A;2
1159;98304;58;A#;3
1160;98304;43;G;2
1162;98560;45;A;2
1164;98816;65;F;4
1166;98816;43;G;2
1168;99072;41;F;2
1170;99328;57;A;3
1172;99328;48;C;3
1174;99584;46;A#;2
1176;99840;65;F;4
1178;99840;45;A;2
1180;100096;46;A#;2
1182;100352;55;G;3
1184;100352;48;C;3
1186;100864;64;E;4
1188;100864;36;C;2
1191;101376;57;A;3
1192;101376;60;C;4
1193;101376;65;F;4
1194;101376;41;F;2
